%YAML:1.0
CamModel_V2_Set:
   CAM_0:
      K: !!opencv-matrix
         rows: 3
         cols: 3
         dt: d
         data: [ 5.2462410110955761e+02, 0., 5.3478098307049015e+02, 0.,
             5.2462410110955761e+02, 8.2747936854687737e+02, 0., 0., 1. ]
      R: !!opencv-matrix
         rows: 3
         cols: 3
         dt: d
         data: [ 9.9999999999999989e-01, 2.9490299091605721e-17,
             8.0393591089800154e-17, 2.9490299091605721e-17, 1.,
             9.5409791178724390e-17, 8.0393591089800154e-17,
             9.5409791178724390e-17, 9.9999999999999989e-01 ]
      CamCenter: !!opencv-matrix
         rows: 3
         cols: 1
         dt: d
         data: [ 2.8588503223902517e+01, 2.7866088512937415e-01,
             5.9343613350777460e+01 ]
      t: !!opencv-matrix
         rows: 3
         cols: 1
         dt: d
         data: [ -2.8588503223902517e+01, -2.7866088512938064e-01,
             -5.9343613350777453e+01 ]
      DistortionCoeffs_0: 0.
      DistortionCoeffs_1: 1.6758464858424717e-02
      DistortionCoeffs_2: 0.
      DistortionCoeffs_3: -1.0949597539238850e-02
      DistortionCoeffs_4: 0.
      DistortionCoeffs_5: 0.
      DistortionCoeffs_6: 0.
      DistortionCoeffs_7: 0.
      DistortionCoeffs_8: 0.
      DistortionCoeffs_9: 0.
      InvDistortionCoeffs_0: 0.
      InvDistortionCoeffs_1: 0.
      InvDistortionCoeffs_2: 0.
      InvDistortionCoeffs_3: 0.
      InvDistortionCoeffs_4: 0.
      InvDistortionCoeffs_5: 0.
      InvDistortionCoeffs_6: 0.
      InvDistortionCoeffs_7: 0.
      InvDistortionCoeffs_8: 0.
      InvDistortionCoeffs_9: 0.
      DistortionCoeffs: [ 1.6758464858424717e-02,
          -1.0949597539238850e-02, 0., 0. ]
      Fov_deg: 120
      StraightSrcImageSize: [ 1088, 1600 ]
      ImageCircleCenter: [ 5.3478098307049015e+02,
          8.2747936854687737e+02 ]
      ImageCircleRadius: 9.4804785156250000e+02
   CAM_1:
      K: !!opencv-matrix
         rows: 3
         cols: 3
         dt: d
         data: [ 5.2612727207014530e+02, 0., 5.2928466401102446e+02, 0.,
             5.2612727207014530e+02, 8.0921003748244812e+02, 0., 0., 1. ]
      R: !!opencv-matrix
         rows: 3
         cols: 3
         dt: d
         data: [ 9.9930662154724192e-01, -6.0469344541295260e-03,
             -3.6738409268022527e-02, 5.9752661801031927e-03,
             9.9998002556552323e-01, -2.0602582489862454e-03,
             3.6750133685664120e-02, 1.8393079358992566e-03,
             9.9932279300554472e-01 ]
      CamCenter: !!opencv-matrix
         rows: 3
         cols: 1
         dt: d
         data: [ -2.9842797391355187e+01, -3.8801179403341091e-01,
             5.8291234080061592e+01 ]
      t: !!opencv-matrix
         rows: 3
         cols: 1
         dt: d
         data: [ 3.1961285971159452e+01, 6.8641769754652626e-01,
             -5.7154318381768668e+01 ]
      DistortionCoeffs_0: 0.
      DistortionCoeffs_1: 1.7214778954925191e-02
      DistortionCoeffs_2: 0.
      DistortionCoeffs_3: -1.1257218791873781e-02
      DistortionCoeffs_4: 0.
      DistortionCoeffs_5: 0.
      DistortionCoeffs_6: 0.
      DistortionCoeffs_7: 0.
      DistortionCoeffs_8: 0.
      DistortionCoeffs_9: 0.
      InvDistortionCoeffs_0: 0.
      InvDistortionCoeffs_1: 0.
      InvDistortionCoeffs_2: 0.
      InvDistortionCoeffs_3: 0.
      InvDistortionCoeffs_4: 0.
      InvDistortionCoeffs_5: 0.
      InvDistortionCoeffs_6: 0.
      InvDistortionCoeffs_7: 0.
      InvDistortionCoeffs_8: 0.
      InvDistortionCoeffs_9: 0.
      DistortionCoeffs: [ 1.7214778954925191e-02,
          -1.1257218791873781e-02, 0., 0. ]
      Fov_deg: 120
      StraightSrcImageSize: [ 1088, 1600 ]
      ImageCircleCenter: [ 5.2928466401102446e+02,
          8.0921003748244812e+02 ]
      ImageCircleRadius: 9.4644750976562500e+02
   CAM_2:
      K: !!opencv-matrix
         rows: 3
         cols: 3
         dt: d
         data: [ 5.2333361547282277e+02, 0., 5.5539247570629425e+02, 0.,
             5.2333361547282277e+02, 7.9426411661676866e+02, 0., 0., 1. ]
      R: !!opencv-matrix
         rows: 3
         cols: 3
         dt: d
         data: [ 3.9488827306145358e-03, -7.8340328313619145e-03,
             -9.9996151638689379e-01, 7.3226982326921822e-03,
             9.9994272864214206e-01, -7.8049680524415544e-03,
             9.9996539160901599e-01, -7.2915955252511357e-03,
             4.0060228311075254e-03 ]
      CamCenter: !!opencv-matrix
         rows: 3
         cols: 1
         dt: d
         data: [ -6.0502144008921150e+01, 1.0782333290727930e-01,
             2.8576573019425286e+01 ]
      t: !!opencv-matrix
         rows: 3
         cols: 1
         dt: d
         data: [ 2.8815233852817272e+01, 5.5826102475449746e-01,
             6.0386357927247033e+01 ]
      DistortionCoeffs_0: 0.
      DistortionCoeffs_1: 1.7794486806501156e-02
      DistortionCoeffs_2: 0.
      DistortionCoeffs_3: -1.1326552196807584e-02
      DistortionCoeffs_4: 0.
      DistortionCoeffs_5: 0.
      DistortionCoeffs_6: 0.
      DistortionCoeffs_7: 0.
      DistortionCoeffs_8: 0.
      DistortionCoeffs_9: 0.
      InvDistortionCoeffs_0: 0.
      InvDistortionCoeffs_1: 0.
      InvDistortionCoeffs_2: 0.
      InvDistortionCoeffs_3: 0.
      InvDistortionCoeffs_4: 0.
      InvDistortionCoeffs_5: 0.
      InvDistortionCoeffs_6: 0.
      InvDistortionCoeffs_7: 0.
      InvDistortionCoeffs_8: 0.
      InvDistortionCoeffs_9: 0.
      DistortionCoeffs: [ 1.7794486806501156e-02,
          -1.1326552196807584e-02, 0., 0. ]
      Fov_deg: 120
      StraightSrcImageSize: [ 1088, 1600 ]
      ImageCircleCenter: [ 5.5539247570629425e+02,
          7.9426411661676866e+02 ]
      ImageCircleRadius: 9.4274700927734375e+02
   CAM_3:
      K: !!opencv-matrix
         rows: 3
         cols: 3
         dt: d
         data: [ 5.2283783025393438e+02, 0., 5.4171656657257029e+02, 0.,
             5.2283783025393438e+02, 8.1452194389229624e+02, 0., 0., 1. ]
      R: !!opencv-matrix
         rows: 3
         cols: 3
         dt: d
         data: [ -3.2454587328444855e-02, -4.3320935964965930e-03,
             -9.9946382262011402e-01, -1.1501673035850179e-03,
             9.9999010629027618e-01, -4.2970264992325657e-03,
             9.9947254933615570e-01, 1.0100923881218409e-03,
             -3.2459248864589466e-02 ]
      CamCenter: !!opencv-matrix
         rows: 3
         cols: 1
         dt: d
         data: [ -5.9430933745172581e+01, 6.9267836805518707e-02,
             -2.9912364731472564e+01 ]
      t: !!opencv-matrix
         rows: 3
         cols: 1
         dt: d
         data: [ -3.1824832752616103e+01, -2.6615689221072036e-01,
             5.8428584001853864e+01 ]
      DistortionCoeffs_0: 0.
      DistortionCoeffs_1: 1.7853499379519230e-02
      DistortionCoeffs_2: 0.
      DistortionCoeffs_3: -1.1375012377908306e-02
      DistortionCoeffs_4: 0.
      DistortionCoeffs_5: 0.
      DistortionCoeffs_6: 0.
      DistortionCoeffs_7: 0.
      DistortionCoeffs_8: 0.
      DistortionCoeffs_9: 0.
      InvDistortionCoeffs_0: 0.
      InvDistortionCoeffs_1: 0.
      InvDistortionCoeffs_2: 0.
      InvDistortionCoeffs_3: 0.
      InvDistortionCoeffs_4: 0.
      InvDistortionCoeffs_5: 0.
      InvDistortionCoeffs_6: 0.
      InvDistortionCoeffs_7: 0.
      InvDistortionCoeffs_8: 0.
      InvDistortionCoeffs_9: 0.
      DistortionCoeffs: [ 1.7853499379519230e-02,
          -1.1375012377908306e-02, 0., 0. ]
      Fov_deg: 120
      StraightSrcImageSize: [ 1088, 1600 ]
      ImageCircleCenter: [ 5.4171656657257029e+02,
          8.1452194389229624e+02 ]
      ImageCircleRadius: 9.4111627197265625e+02
   CAM_4:
      K: !!opencv-matrix
         rows: 3
         cols: 3
         dt: d
         data: [ 5.2563569248720580e+02, 0., 5.3708588542483130e+02, 0.,
             5.2563569248720580e+02, 8.0893122900358492e+02, 0., 0., 1. ]
      R: !!opencv-matrix
         rows: 3
         cols: 3
         dt: d
         data: [ -9.9999175469999357e-01, 1.8827502811735583e-03,
